{
  "bbox": [
    561.0,
    26.0,
    978.0,
    1503.0
  ],
  "body_pose_params": [
    0.03524402156472206,
    -0.005746699403971434,
    0.01774926483631134,
    -0.005168710835278034,
    0.005465890746563673,
    0.18151085078716278,
    -0.039166517555713654,
    0.028042538091540337,
    0.022593341767787933,
    0.05071961507201195,
    -0.053701307624578476,
    0.12317681312561035,
    0.00919877178966999,
    -0.04478442668914795,
    -0.06892218440771103,
    -0.00671146996319294,
    0.006797977723181248,
    0.20442990958690643,
    0.04215312376618385,
    0.0011937234085053205,
    0.03278273344039917,
    -0.027050163596868515,
    0.00480056693777442,
    0.03950123488903046,
    0.07121226191520691,
    -0.13928861916065216,
    0.10844896733760834,
    0.37817978858947754,
    -0.3422456979751587,
    -0.2199716866016388,
    0.08841641992330551,
    -0.4665094017982483,
    0.3645215630531311,
    -0.0641559362411499,
    -0.008001475594937801,
    -0.16151103377342224,
    0.10281099379062653,
    0.41293683648109436,
    -0.36183714866638184,
    -0.29956525564193726,
    0.07586575299501419,
    -0.41968366503715515,
    0.3161846697330475,
    -0.05807769298553467,
    -0.11737905442714691,
    -0.013840336352586746,
    -0.21033740043640137,
    0.24566294252872467,
    0.14666949212551117,
    -0.006582132074981928,
    0.10570666939020157,
    0.05203395336866379,
    -0.03597235679626465,
    -0.031318485736846924,
    -0.02617468312382698,
    -0.23261381685733795,
    0.28493809700012207,
    0.028495484963059425,
    0.0710664764046669,
    0.004590925294905901,
    0.04148191958665848,
    -0.012516106478869915,
    0.0,
    0.0,
    0.0,
    0.0,
    0.0,
    0.0,
    0.0,
    0.0,
    0.0,
    0.0,
    0.0,
    0.0,
    0.0,
    0.0,
    0.0,
    0.0,
    0.0,
    0.0,
    0.0,
    0.0,
    0.0,
    0.0,
    0.0,
    0.0,
    0.0,
    0.0,
    0.0,
    0.0,
    0.0,
    0.0,
    0.0,
    0.0,
    0.0,
    0.0,
    0.0,
    0.0,
    0.0,
    0.0,
    0.0,
    0.0,
    0.0,
    0.0,
    0.0,
    0.0,
    0.0,
    0.0,
    0.0,
    0.0,
    0.0,
    0.0,
    0.0,
    0.0,
    0.0,
    0.0,
    -0.03896256536245346,
    -0.024729253724217415,
    0.22921714186668396,
    0.019556881859898567,
    -0.12625250220298767,
    0.055102117359638214,
    0.15475890040397644,
    -0.05327662453055382,
    -0.06413378566503525,
    0.021108392626047134,
    -0.13084904849529266,
    -0.1948518455028534,
    0.00046280285459943116,
    0.39665940403938293,
    0.0,
    0.0,
    0.0
  ],
  "camera": [
    0.0020816847681999207,
    0.8402607440948486,
    2.746110439300537
  ],
  "expr_params": [
    0.0,
    -0.0,
    0.0,
    -0.0,
    0.0,
    0.0,
    -0.0,
    -0.0,
    -0.0,
    -0.0,
    0.0,
    -0.0,
    0.0,
    0.0,
    -0.0,
    0.0,
    -0.0,
    0.0,
    0.0,
    0.0,
    -0.0,
    -0.0,
    -0.0,
    0.0,
    -0.0,
    -0.0,
    -0.0,
    -0.0,
    0.0,
    -0.0,
    -0.0,
    -0.0,
    -0.0,
    0.0,
    -0.0,
    -0.0,
    -0.0,
    -0.0,
    0.0,
    -0.0,
    -0.0,
    -0.0,
    0.0,
    -0.0,
    -0.0,
    -0.0,
    -0.0,
    0.0,
    -0.0,
    -0.0,
    0.0,
    -0.0,
    -0.0,
    0.0,
    0.0,
    -0.0,
    0.0,
    0.0,
    0.0,
    -0.0,
    0.0,
    0.0,
    0.0,
    0.0,
    0.0,
    0.0,
    -0.0,
    0.0,
    -0.0,
    -0.0,
    -0.0,
    -0.0
  ],
  "focal_length": 2172.23193359375,
  "global_rot": [
    -0.032138220965862274,
    0.0023789405822753906,
    -0.013058042153716087
  ],
  "hand_pose_params": [
    0.12195724248886108,
    -0.18411147594451904,
    0.14466612040996552,
    0.21664096415042877,
    0.11773975193500519,
    0.05550520867109299,
    -0.14880549907684326,
    0.14697109162807465,
    -0.12264411151409149,
    0.04698999971151352,
    0.2338503748178482,
    -0.2595362067222595,
    0.05318349227309227,
    0.28783857822418213,
    0.2568516135215759,
    0.01215018704533577,
    -0.10692757368087769,
    0.20540359616279602,
    -0.06957807391881943,
    -0.029408300295472145,
    0.24188686907291412,
    -0.04932994022965431,
    -0.11396289616823196,
    0.08971931040287018,
    0.18972472846508026,
    -0.05209343880414963,
    -0.1200031116604805,
    0.32124483585357666,
    -0.06348249316215515,
    0.04144762083888054,
    0.12678612768650055,
    0.0008457397343590856,
    -0.2887495458126068,
    0.001732157776132226,
    0.10769076645374298,
    -0.08230730146169662,
    -0.1387329399585724,
    0.2792721390724182,
    -0.09098789095878601,
    0.06290927529335022,
    -0.06765255331993103,
    -0.09467969834804535,
    -0.15988373756408691,
    -0.03166763484477997,
    0.033431991934776306,
    0.06824568659067154,
    -0.4299282431602478,
    -0.14355354011058807,
    0.009787100367248058,
    0.036289144307374954,
    -0.19075500965118408,
    0.2070157378911972,
    -0.019578028470277786,
    0.06294538825750351,
    0.1405334174633026,
    -0.17062395811080933,
    0.10584188997745514,
    0.20122309029102325,
    0.13538984954357147,
    0.07925449311733246,
    -0.1654680371284485,
    0.1459970474243164,
    -0.14921052753925323,
    0.06292904913425446,
    0.252403199672699,
    -0.2607913613319397,
    0.015335571952164173,
    0.29849886894226074,
    0.25367847084999084,
    0.04441872611641884,
    -0.0886421874165535,
    0.2214924544095993,
    -0.0822417214512825,
    -0.011269978247582912,
    0.24333520233631134,
    -0.070104219019413,
    -0.12136282026767731,
    0.09935548156499863,
    0.1921531856060028,
    -0.03322666510939598,
    -0.08419563621282578,
    0.27462008595466614,
    -0.07765710353851318,
    0.05265406519174576,
    0.11977457255125046,
    -0.012851623818278313,
    -0.24888025224208832,
    0.018228694796562195,
    0.10547823458909988,
    -0.09744186699390411,
    -0.12916432321071625,
    0.2698940932750702,
    -0.09518955647945404,
    0.06655482947826385,
    -0.0761982724070549,
    -0.09469351172447205,
    -0.1515367329120636,
    -0.0409211665391922,
    0.028438225388526917,
    0.050518330186605453,
    -0.41357874870300293,
    -0.11806616187095642,
    0.012613567523658276,
    0.028224624693393707,
    -0.1442640721797943,
    0.16861462593078613,
    -7.303146412596107e-05,
    0.06017104908823967
  ],
  "image_size": {
    "height": 1536,
    "width": 1536
  },
  "joint_coords": [
    [
      0.0,
      -0.0,
      -0.0
    ],
    [
      0.0,
      -0.9239869713783264,
      -0.0
    ],
    [
      0.07691924273967743,
      -0.8855710625648499,
      -0.005938015878200531
    ],
    [
      0.13396379351615906,
      -0.47993203997612,
      -0.09141738712787628
    ],
    [
      0.1812414675951004,
      -0.06906919181346893,
      -0.04024557024240494
    ],
    [
      0.18075601756572723,
      -0.07207890599966049,
      -0.04117816314101219
    ],
    [
      0.188827782869339,
      -0.03769013285636902,
      -0.0441037155687809
    ],
    [
      0.17717978358268738,
      -0.042333658784627914,
      -0.10389911383390427
    ],
    [
      0.16555480659008026,
      -0.005372683983296156,
      -0.17499393224716187
    ],
    [
      0.1434193253517151,
      -0.39775946736335754,
      -0.08118302375078201
    ],
    [
      0.1528748720884323,
      -0.3155868947505951,
      -0.07094866037368774
    ],
    [
      0.16233038902282715,
      -0.23341432213783264,
      -0.060714296996593475
    ],
    [
      0.17178593575954437,
      -0.151241734623909,
      -0.05047992989420891
    ],
    [
      0.07691924273967743,
      -0.8855710625648499,
      -0.005938015878200531
    ],
    [
      0.09118037670850754,
      -0.7841612696647644,
      -0.027307860553264618
    ],
    [
      0.10544151812791824,
      -0.6827515363693237,
      -0.048677701503038406
    ],
    [
      0.11970265209674835,
      -0.5813418030738831,
      -0.0700475424528122
    ],
    [
      0.13396379351615906,
      -0.47993203997612,
      -0.09141738712787628
    ],
    [
      -0.0778670459985733,
      -0.8875923752784729,
      -0.006306275725364685
    ],
    [
      -0.14069107174873352,
      -0.48105254769325256,
      -0.08300264179706573
    ],
    [
      -0.18537603318691254,
      -0.06893408298492432,
      -0.040298666805028915
    ],
    [
      -0.18462371826171875,
      -0.07189472019672394,
      -0.0412110835313797
    ],
    [
      -0.19563356041908264,
      -0.03870464116334915,
      -0.046999238431453705
    ],
    [
      -0.1842421442270279,
      -0.04269694164395332,
      -0.106890968978405
    ],
    [
      -0.17255258560180664,
      -0.004947379231452942,
      -0.17755958437919617
    ],
    [
      -0.14962805807590485,
      -0.398628830909729,
      -0.07446184754371643
    ],
    [
      -0.15856505930423737,
      -0.31620514392852783,
      -0.06592104583978653
    ],
    [
      -0.16750206053256989,
      -0.23378147184848785,
      -0.057380255311727524
    ],
    [
      -0.1764390468597412,
      -0.1513577550649643,
      -0.04883945733308792
    ],
    [
      -0.0778670459985733,
      -0.8875923752784729,
      -0.006306275725364685
    ],
    [
      -0.09357305616140366,
      -0.7859574556350708,
      -0.0254803653806448
    ],
    [
      -0.10927905887365341,
      -0.6843224763870239,
      -0.04465445876121521
    ],
    [
      -0.12498506158590317,
      -0.582687497138977,
      -0.06382855027914047
    ],
    [
      -0.14069107174873352,
      -0.48105254769325256,
      -0.08300264179706573
    ],
    [
      0.00017133867368102074,
      -0.9431504011154175,
      0.033168502151966095
    ],
    [
      0.00035792766720987856,
      -1.0533002614974976,
      0.021866297349333763
    ],
    [
      -0.0026940570678561926,
      -1.1636085510253906,
      0.04199271276593208
    ],
    [
      -0.0012552551925182343,
      -1.3474128246307373,
      0.029637783765792847
    ],
    [
      -0.028360778465867043,
      -1.3813025951385498,
      -0.08137080818414688
    ],
    [
      -0.171388179063797,
      -1.3890964984893799,
      -0.00222793803550303
    ],
    [
      -0.21244509518146515,
      -1.1387922763824463,
      0.04122129827737808
    ],
    [
      -0.23754510283470154,
      -0.9166280627250671,
      -0.08672129362821579
    ],
    [
      -0.23754510283470154,
      -0.9166280627250671,
      -0.08672129362821579
    ],
    [
      -0.230162113904953,
      -0.8875619173049927,
      -0.08729153126478195
    ],
    [
      -0.2283167839050293,
      -0.851696252822876,
      -0.10981178283691406
    ],
    [
      -0.22391743957996368,
      -0.8253490924835205,
      -0.11755068600177765
    ],
    [
      -0.2191607803106308,
      -0.8079291582107544,
      -0.12143205106258392
    ],
    [
      -0.21545015275478363,
      -0.7916380167007446,
      -0.1266869455575943
    ],
    [
      -0.23462167382240295,
      -0.8573107123374939,
      -0.1274021863937378
    ],
    [
      -0.22967560589313507,
      -0.8265897035598755,
      -0.14527559280395508
    ],
    [
      -0.2210385650396347,
      -0.8066815137863159,
      -0.15698255598545074
    ],
    [
      -0.21429947018623352,
      -0.79161536693573,
      -0.16715966165065765
    ],
    [
      -0.2371979057788849,
      -0.8650423884391785,
      -0.14612969756126404
    ],
    [
      -0.22536012530326843,
      -0.8372389674186707,
      -0.17251798510551453
    ],
    [
      -0.2148468792438507,
      -0.8218359351158142,
      -0.18717631697654724
    ],
    [
      -0.20657506585121155,
      -0.8082926869392395,
      -0.19983763992786407
    ],
    [
      -0.23068130016326904,
      -0.8840718865394592,
      -0.1607678234577179
    ],
    [
      -0.2191857248544693,
      -0.8643720746040344,
      -0.18918688595294952
    ],
    [
      -0.20905598998069763,
      -0.8523292541503906,
      -0.20620130002498627
    ],
    [
      -0.2015407681465149,
      -0.8415915966033936,
      -0.21959826350212097
    ],
    [
      -0.22506538033485413,
      -0.9193494319915771,
      -0.09750021994113922
    ],
    [
      -0.21790504455566406,
      -0.9235281944274902,
      -0.11853116750717163
    ],
    [
      -0.20262835919857025,
      -0.9207033514976501,
      -0.14403891563415527
    ],
    [
      -0.18717047572135925,
      -0.9099631309509277,
      -0.17048467695713043
    ],
    [
      -0.17517869174480438,
      -0.907068133354187,
      -0.18915115296840668
    ],
    [
      -0.2174650877714157,
      -1.0943593978881836,
      0.015632785856723785
    ],
    [
      -0.22248512506484985,
      -1.0499266386032104,
      -0.009955746121704578
    ],
    [
      -0.22750508785247803,
      -1.0054938793182373,
      -0.0355442650616169
    ],
    [
      -0.2325250804424286,
      -0.9610609412193298,
      -0.061132755130529404
    ],
    [
      -0.171388179063797,
      -1.3890964984893799,
      -0.00222793803550303
    ],
    [
      -0.18165242671966553,
      -1.326520323753357,
      0.008634370751678944
    ],
    [
      -0.19191665947437286,
      -1.263944387435913,
      0.019496679306030273
    ],
    [
      -0.202180877327919,
      -1.2013683319091797,
      0.030358990654349327
    ],
    [
      -0.21244509518146515,
      -1.1387922763824463,
      0.04122129827737808
    ],
    [
      0.028066568076610565,
      -1.381907343864441,
      -0.08061873912811279
    ],
    [
      0.16797734797000885,
      -1.388720154762268,
      0.003996491432189941
    ],
    [
      0.2055741846561432,
      -1.1373552083969116,
      0.04434235021471977
    ],
    [
      0.23522426187992096,
      -0.9159070253372192,
      -0.08386790007352829
    ],
    [
      0.23522426187992096,
      -0.9159070253372192,
      -0.08386790007352829
    ],
    [
      0.22819949686527252,
      -0.8867666721343994,
      -0.08325885236263275
    ],
    [
      0.22694294154644012,
      -0.8499805927276611,
      -0.1042480543255806
    ],
    [
      0.22315742075443268,
      -0.822974681854248,
      -0.1096263974905014
    ],
    [
      0.2184741497039795,
      -0.8052809834480286,
      -0.11207106709480286
    ],
    [
      0.21444091200828552,
      -0.7887173295021057,
      -0.11604710668325424
    ],
    [
      0.23329810798168182,
      -0.8549248576164246,
      -0.12201149016618729
    ],
    [
      0.22873947024345398,
      -0.8228253722190857,
      -0.1373591125011444
    ],
    [
      0.22070632874965668,
      -0.8019043803215027,
      -0.1476099193096161
    ],
    [
      0.2142016589641571,
      -0.786048173904419,
      -0.1566646695137024
    ],
    [
      0.23590779304504395,
      -0.86188805103302,
      -0.141023188829422
    ],
    [
      0.22388669848442078,
      -0.8328150510787964,
      -0.16589130461215973
    ],
    [
      0.2140868753194809,
      -0.8164129257202148,
      -0.17993180453777313
    ],
    [
      0.20614393055438995,
      -0.8021445274353027,
      -0.19197781383991241
    ],
    [
      0.22926878929138184,
      -0.880195677280426,
      -0.15648548305034637
    ],
    [
      0.2177044004201889,
      -0.8603162169456482,
      -0.18473292887210846
    ],
    [
      0.2077433168888092,
      -0.8480908274650574,
      -0.20169955492019653
    ],
    [
      0.200288325548172,
      -0.8372350931167603,
      -0.2150268703699112
    ],
    [
      0.22279475629329681,
      -0.9180188775062561,
      -0.09482632577419281
    ],
    [
      0.21571747958660126,
      -0.9214951992034912,
      -0.11600270867347717
    ],
    [
      0.20010444521903992,
      -0.9173097610473633,
      -0.14109988510608673
    ],
    [
      0.18503816425800323,
      -0.9066020250320435,
      -0.167766734957695
    ],
    [
      0.17340846359729767,
      -0.9041212201118469,
      -0.18670783936977386
    ],
    [
      0.21150419116020203,
      -1.0930655002593994,
      0.018700307235121727
    ],
    [
      0.21743422746658325,
      -1.0487759113311768,
      -0.006941753905266523
    ],
    [
      0.2233642339706421,
      -1.004486322402954,
      -0.0325838066637516
    ],
    [
      0.22929425537586212,
      -0.9601967334747314,
      -0.05822586268186569
    ],
    [
      0.16797734797000885,
      -1.388720154762268,
      0.003996491432189941
    ],
    [
      0.17737655341625214,
      -1.3258788585662842,
      0.0140829561278224
    ],
    [
      0.18677575886249542,
      -1.2630376815795898,
      0.024169420823454857
    ],
    [
      0.1961749792098999,
      -1.200196385383606,
      0.03425588831305504
    ],
    [
      0.2055741846561432,
      -1.1373552083969116,
      0.04434235021471977
    ],
    [
      -0.0012910595396533608,
      -1.429160237312317,
      -0.033395420759916306
    ],
    [
      -0.0015006434405222535,
      -1.48051118850708,
      -0.064322829246521
    ],
    [
      -0.0012903682654723525,
      -1.4289909601211548,
      -0.03329341486096382
    ],
    [
      -0.0017102275742217898,
      -1.5318620204925537,
      -0.09525023400783539
    ],
    [
      -0.0015698635252192616,
      -1.543715000152588,
      -0.11849340051412582
    ],
    [
      -0.0006682255188934505,
      -1.5283482074737549,
      -0.1386830359697342
    ],
    [
      0.0017245273338630795,
      -1.4800857305526733,
      -0.18170475959777832
    ],
    [
      -0.0013501739595085382,
      -1.534985065460205,
      -0.11637787520885468
    ],
    [
      -0.0011738792527467012,
      -1.5368491411209106,
      -0.12719541788101196
    ],
    [
      -0.0007553654140792787,
      -1.5383979082107544,
      -0.148816779255867
    ],
    [
      -0.00016495179443154484,
      -1.5308523178100586,
      -0.16558879613876343
    ],
    [
      0.00022432362311519682,
      -1.5238522291183472,
      -0.17378978431224823
    ],
    [
      -0.03374683856964111,
      -1.5955910682678223,
      -0.1881294548511505
    ],
    [
      -0.03489062562584877,
      -1.5907278060913086,
      -0.20434215664863586
    ],
    [
      0.03036687523126602,
      -1.5975381135940552,
      -0.18675227463245392
    ],
    [
      0.03250249847769737,
      -1.5927742719650269,
      -0.20289486646652222
    ],
    [
      -0.006089102942496538,
      -1.7146177291870117,
      -0.14976295828819275
    ]
  ],
  "joint_rotations": [
    [
      [
        1.0,
        0.0,
        0.0
      ],
      [
        0.0,
        1.0,
        0.0
      ],
      [
        0.0,
        0.0,
        1.0
      ]
    ],
    [
      [
        0.999911904335022,
        0.012974494136869907,
        0.0027970855589956045
      ],
      [
        -0.01305763516575098,
        0.9993994235992432,
        0.03209890052676201
      ],
      [
        -0.0023789384867995977,
        -0.032132599502801895,
        0.9994807839393616
      ]
    ],
    [
      [
        0.1356876641511917,
        -0.035592496395111084,
        0.9901121258735657
      ],
      [
        -0.9730996489524841,
        -0.19259239733219147,
        0.12643292546272278
      ],
      [
        0.18618804216384888,
        -0.9806331396102905,
        -0.06076739728450775
      ]
    ],
    [
      [
        0.113449826836586,
        -0.07449045777320862,
        0.990747332572937
      ],
      [
        -0.9859263896942139,
        0.11480380594730377,
        0.12152937054634094
      ],
      [
        -0.12279435992240906,
        -0.9905914068222046,
        -0.060417622327804565
      ]
    ],
    [
      [
        0.15195603668689728,
        -0.0463794469833374,
        0.9872986078262329
      ],
      [
        -0.9804441928863525,
        0.11931140720844269,
        0.15650585293769836
      ],
      [
        -0.12505462765693665,
        -0.9917731285095215,
        -0.027342379093170166
      ]
    ],
    [
      [
        0.14827919006347656,
        0.1687692105770111,
        0.9744384288787842
      ],
      [
        -0.9694974422454834,
        0.21925517916679382,
        0.10955312848091125
      ],
      [
        -0.19516146183013916,
        -0.9609600305557251,
        0.19613231718540192
      ]
    ],
    [
      [
        0.1906496286392212,
        0.026033660396933556,
        0.9813128113746643
      ],
      [
        -0.07600387185811996,
        0.9970390200614929,
        -0.01168481633067131
      ],
      [
        -0.9787114262580872,
        -0.07235586643218994,
        0.1920638084411621
      ]
    ],
    [
      [
        0.19065046310424805,
        0.06670643389225006,
        0.979388952255249
      ],
      [
        -0.07600370049476624,
        0.9956967830657959,
        -0.05302208662033081
      ],
      [
        -0.9787113666534424,
        -0.06432849168777466,
        0.1949000358581543
      ]
    ],
    [
      [
        -0.02014276385307312,
        0.06923950463533401,
        0.9973967671394348
      ],
      [
        0.09718745201826096,
        0.9930102825164795,
        -0.06697225570678711
      ],
      [
        -0.9950622916221619,
        0.09558543562889099,
        -0.026731222867965698
      ]
    ],
    [
      [
        0.11344984173774719,
        -0.0688428282737732,
        0.9911558032035828
      ],
      [
        -0.9859263300895691,
        0.11549457907676697,
        0.12087315320968628
      ],
      [
        -0.12279433012008667,
        -0.9909196496009827,
        -0.05477112531661987
      ]
    ],
    [
      [
        0.1134498119354248,
        -0.06319308280944824,
        0.9915320873260498
      ],
      [
        -0.9859263896942139,
        0.11618155241012573,
        0.12021300196647644
      ],
      [
        -0.12279438972473145,
        -0.991215705871582,
        -0.04912295937538147
      ]
    ],
    [
      [
        0.1134498119354248,
        -0.05754119157791138,
        0.9918761253356934
      ],
      [
        -0.9859263300895691,
        0.11686486005783081,
        0.11954891681671143
      ],
      [
        -0.12279441952705383,
        -0.9914795160293579,
        -0.04347303509712219
      ]
    ],
    [
      [
        0.11344975233078003,
        -0.05188748240470886,
        0.9921878576278687
      ],
      [
        -0.9859262704849243,
        0.11754417419433594,
        0.11888086795806885
      ],
      [
        -0.12279435992240906,
        -0.9917111396789551,
        -0.03782185912132263
      ]
    ],
    [
      [
        0.1356876939535141,
        -0.004571288824081421,
        0.9907411336898804
      ],
      [
        -0.9730995893478394,
        -0.18853890895843506,
        0.13240167498588562
      ],
      [
        0.1861879825592041,
        -0.9820550680160522,
        -0.03003072738647461
      ]
    ],
    [
      [
        0.1356876939535141,
        -0.012328237295150757,
        0.9906750321388245
      ],
      [
        -0.9730997085571289,
        -0.18956983089447021,
        0.13092142343521118
      ],
      [
        0.18618804216384888,
        -0.9817898869514465,
        -0.03771883249282837
      ]
    ],
    [
      [
        0.1356876790523529,
        -0.02008432149887085,
        0.9905481338500977
      ],
      [
        -0.9730996489524841,
        -0.19058899581432343,
        0.12943318486213684
      ],
      [
        0.1861880123615265,
        -0.9814645051956177,
        -0.04540465772151947
      ]
    ],
    [
      [
        0.13568764925003052,
        -0.027839243412017822,
        0.9903604984283447
      ],
      [
        -0.9730996489524841,
        -0.1915966123342514,
        0.1279369592666626
      ],
      [
        0.1861880123615265,
        -0.9810788631439209,
        -0.053087666630744934
      ]
    ],
    [
      [
        0.1356876641511917,
        -0.035592496395111084,
        0.9901121258735657
      ],
      [
        -0.9730996489524841,
        -0.19259239733219147,
        0.12643292546272278
      ],
      [
        0.18618804216384888,
        -0.9806331396102905,
        -0.06076739728450775
      ]
    ],
    [
      [
        0.14805632829666138,
        -0.11379942297935486,
        0.9824098348617554
      ],
      [
        0.9750716686248779,
        0.18279948830604553,
        -0.12577545642852783
      ],
      [
        -0.1652708351612091,
        0.9765418767929077,
        0.13802720606327057
      ]
    ],
    [
      [
        0.10722815990447998,
        -0.14860770106315613,
        0.9830654859542847
      ],
      [
        0.9889392852783203,
        -0.0859689712524414,
        -0.12086459994316101
      ],
      [
        0.10247448086738586,
        0.9851522445678711,
        0.1377456784248352
      ]
    ],
    [
      [
        0.23015975952148438,
        -0.0064595043659210205,
        0.9731314182281494
      ],
      [
        0.9658491611480713,
        -0.12076753377914429,
        -0.22923901677131653
      ],
      [
        0.11900350451469421,
        0.9926598072052002,
        -0.021556884050369263
      ]
    ],
    [
      [
        0.23019728064537048,
        0.1451149880886078,
        0.9622634649276733
      ],
      [
        0.9666231870651245,
        -0.14837563037872314,
        -0.20886436104774475
      ],
      [
        0.11246708035469055,
        0.9782261848449707,
        -0.1744271218776703
      ]
    ],
    [
      [
        0.18645073473453522,
        0.02408110722899437,
        0.9821690917015076
      ],
      [
        0.06534470617771149,
        -0.9977898597717285,
        0.012059343978762627
      ],
      [
        0.9802888035774231,
        0.061931073665618896,
        -0.18761228024959564
      ]
    ],
    [
      [
        0.18645082414150238,
        0.07513159513473511,
        0.9795873761177063
      ],
      [
        0.06534470617771149,
        -0.995812177658081,
        0.06393854320049286
      ],
      [
        0.9802888035774231,
        0.052089449018239975,
        -0.19057948887348175
      ]
    ],
    [
      [
        -0.024255644530057907,
        0.004931412637233734,
        0.9996936321258545
      ],
      [
        -0.08655007183551788,
        -0.9962434768676758,
        0.00281442329287529
      ],
      [
        0.9959521293640137,
        -0.08645528554916382,
        0.024591315537691116
      ]
    ],
    [
      [
        0.10722818970680237,
        -0.119710773229599,
        0.9870012998580933
      ],
      [
        0.9889394044876099,
        -0.08947691321372986,
        -0.11829113960266113
      ],
      [
        0.10247457027435303,
        0.9887685775756836,
        0.10879221558570862
      ]
    ],
    [
      [
        0.10722815990447998,
        -0.09071072936058044,
        0.9900876879692078
      ],
      [
        0.9889392852783203,
        -0.09290778636932373,
        -0.11561587452888489
      ],
      [
        0.10247451066970825,
        0.9915339946746826,
        0.07974511384963989
      ]
    ],
    [
      [
        0.10722817480564117,
        -0.061632752418518066,
        0.9923223257064819
      ],
      [
        0.9889394044876099,
        -0.09625890851020813,
        -0.11284124851226807
      ],
      [
        0.10247457027435303,
        0.9934463500976562,
        0.050629377365112305
      ]
    ],
    [
      [
        0.10722817480564117,
        -0.032501786947250366,
        0.9937030076980591
      ],
      [
        0.9889392852783203,
        -0.0995270311832428,
        -0.10996946692466736
      ],
      [
        0.10247445106506348,
        0.9945038557052612,
        0.021470189094543457
      ]
    ],
    [
      [
        0.14805632829666138,
        0.0020333528518676758,
        0.9889768958091736
      ],
      [
        0.9750717878341675,
        0.16681215167045593,
        -0.14631763100624084
      ],
      [
        -0.1652708649635315,
        0.9859867095947266,
        0.022714883089065552
      ]
    ],
    [
      [
        0.14805638790130615,
        -0.02698463201522827,
        0.9886107444763184
      ],
      [
        0.9750717282295227,
        0.17103338241577148,
        -0.1413603127002716
      ],
      [
        -0.1652708351612091,
        0.9848957061767578,
        0.051634520292282104
      ]
    ],
    [
      [
        0.14805637300014496,
        -0.055979400873184204,
        0.9873933792114258
      ],
      [
        0.9750717878341675,
        0.17510731518268585,
        -0.13628122210502625
      ],
      [
        -0.16527089476585388,
        0.9829566478729248,
        0.08050969243049622
      ]
    ],
    [
      [
        0.14805634319782257,
        -0.08492594957351685,
        0.985325813293457
      ],
      [
        0.9750717282295227,
        0.17903049290180206,
        -0.13108476996421814
      ],
      [
        -0.1652708351612091,
        0.9801712036132812,
        0.10931546986103058
      ]
    ],
    [
      [
        0.14805632829666138,
        -0.11379942297935486,
        0.9824098348617554
      ],
      [
        0.9750716686248779,
        0.18279948830604553,
        -0.12577545642852783
      ],
      [
        -0.1652708351612091,
        0.9765418767929077,
        0.13802720606327057
      ]
    ],
    [
      [
        -0.003652438521385193,
        0.0380437970161438,
        0.9992693662643433
      ],
      [
        0.9992914795875549,
        0.03756970167160034,
        0.0022221505641937256
      ],
      [
        -0.03745770454406738,
        0.9985694885253906,
        -0.03815411031246185
      ]
    ],
    [
      [
        -0.0276653915643692,
        0.00030881166458129883,
        0.9996172189712524
      ],
      [
        0.9995312094688416,
        -0.013110771775245667,
        0.027667075395584106
      ],
      [
        0.013114303350448608,
        0.9999140501022339,
        5.404651165008545e-05
      ]
    ],
    [
      [
        0.006029903888702393,
        0.018857359886169434,
        0.9998040199279785
      ],
      [
        0.9995646476745605,
        0.028763383626937866,
        -0.006570965051651001
      ],
      [
        -0.028881698846817017,
        0.9994083642959595,
        -0.018675684928894043
      ]
    ],
    [
      [
        -0.008199498057365417,
        0.015004217624664307,
        0.999853789806366
      ],
      [
        0.9843330979347229,
        -0.17599307000637054,
        0.010713249444961548
      ],
      [
        0.176128089427948,
        0.9842770099639893,
        -0.013326123356819153
      ]
    ],
    [
      [
        0.8970216512680054,
        0.43073081970214844,
        -0.09911160171031952
      ],
      [
        -0.027418509125709534,
        0.2780386507511139,
        0.9601784944534302
      ],
      [
        0.4411352872848511,
        -0.8585834503173828,
        0.2612166702747345
      ]
    ],
    [
      [
        0.15952619910240173,
        -0.015504032373428345,
        -0.9870719909667969
      ],
      [
        0.9729548692703247,
        0.17167922854423523,
        0.1545480489730835
      ],
      [
        0.1670636236667633,
        -0.9850308895111084,
        0.04247206449508667
      ]
    ],
    [
      [
        0.09743894636631012,
        -0.11200109124183655,
        -0.9889193177223206
      ],
      [
        0.8624484539031982,
        -0.4863794445991516,
        0.1400631070137024
      ],
      [
        -0.4966772198677063,
        -0.8665395379066467,
        0.049202874302864075
      ]
    ],
    [
      [
        0.0032369792461395264,
        -0.989239513874054,
        0.1462697833776474
      ],
      [
        0.8784887194633484,
        0.07269451022148132,
        0.47220027446746826
      ],
      [
        -0.477752149105072,
        0.12696783244609833,
        0.8692709803581238
      ]
    ],
    [
      [
        0.05777326226234436,
        -0.985328197479248,
        0.16059429943561554
      ],
      [
        0.7604482173919678,
        0.14765802025794983,
        0.6323888301849365
      ],
      [
        -0.6468235850334167,
        0.0855884850025177,
        0.7578217387199402
      ]
    ],
    [
      [
        0.005684524774551392,
        -0.9640861749649048,
        -0.26552867889404297
      ],
      [
        0.9108328819274902,
        -0.10460495948791504,
        0.39930087327957153
      ],
      [
        -0.41273605823516846,
        -0.24412208795547485,
        0.8775268197059631
      ]
    ],
    [
      [
        -0.3722807765007019,
        -0.9250925183296204,
        -0.07490526139736176
      ],
      [
        0.9134690165519714,
        -0.3794923424720764,
        0.14683300256729126
      ],
      [
        -0.16426008939743042,
        -0.0137605220079422,
        0.9863210320472717
      ]
    ],
    [
      [
        -0.560926079750061,
        -0.8200613856315613,
        -0.11340799927711487
      ],
      [
        0.8221839070320129,
        -0.5678466558456421,
        0.03954508155584335
      ],
      [
        -0.09682774543762207,
        -0.07106036692857742,
        0.9927612543106079
      ]
    ],
    [
      [
        -0.570909857749939,
        -0.8042764663696289,
        -0.16492879390716553
      ],
      [
        0.797345757484436,
        -0.5910356044769287,
        0.122134268283844
      ],
      [
        -0.1957084834575653,
        -0.06177760660648346,
        0.9787143468856812
      ]
    ],
    [
      [
        -0.570909857749939,
        -0.8042764663696289,
        -0.16492876410484314
      ],
      [
        0.797345757484436,
        -0.5910356044769287,
        0.12213428318500519
      ],
      [
        -0.1957084834575653,
        -0.06177758798003197,
        0.9787143468856812
      ]
    ],
    [
      [
        -0.27625754475593567,
        -0.9560310244560242,
        0.0984201580286026
      ],
      [
        0.9008695483207703,
        -0.22191038727760315,
        0.3730817139148712
      ],
      [
        -0.3348371982574463,
        0.1917303502559662,
        0.9225635528564453
      ]
    ],
    [
      [
        -0.4723804295063019,
        -0.8806753754615784,
        0.03560246527194977
      ],
      [
        0.8307031989097595,
        -0.4313479959964752,
        0.3519532382488251
      ],
      [
        -0.2945995330810547,
        0.19583091139793396,
        0.9353402853012085
      ]
    ],
    [
      [
        -0.4784717261791229,
        -0.8780975341796875,
        0.0030775517225265503
      ],
      [
        0.8063080310821533,
        -0.4379604756832123,
        0.397565096616745
      ],
      [
        -0.34775310754776,
        0.19270512461662292,
        0.9175688028335571
      ]
    ],
    [
      [
        -0.47847166657447815,
        -0.878097653388977,
        0.0030776113271713257
      ],
      [
        0.8063081502914429,
        -0.4379604160785675,
        0.3975651264190674
      ],
      [
        -0.34775310754776,
        0.1927051544189453,
        0.9175689220428467
      ]
    ],
    [
      [
        -0.27014821767807007,
        -0.9627243280410767,
        0.01348923146724701
      ],
      [
        0.8861560821533203,
        -0.2431352734565735,
        0.3944777250289917
      ],
      [
        -0.37649357318878174,
        0.11852099001407623,
        0.9188064932823181
      ]
    ],
    [
      [
        -0.4722856879234314,
        -0.8814264535903931,
        -0.0057954341173172
      ],
      [
        0.8138480186462402,
        -0.4385821223258972,
        0.3811785578727722
      ],
      [
        -0.33852267265319824,
        0.17530858516693115,
        0.9244832396507263
      ]
    ],
    [
      [
        -0.42969828844070435,
        -0.900599479675293,
        -0.06541962921619415
      ],
      [
        0.8361688852310181,
        -0.4242108464241028,
        0.34765884280204773
      ],
      [
        -0.34085315465927124,
        0.09468656778335571,
        0.9353360533714294
      ]
    ],
    [
      [
        -0.42969828844070435,
        -0.900599479675293,
        -0.06541962921619415
      ],
      [
        0.8361688852310181,
        -0.4242108464241028,
        0.34765884280204773
      ],
      [
        -0.34085315465927124,
        0.09468656778335571,
        0.9353360533714294
      ]
    ],
    [
      [
        -0.22691026329994202,
        -0.9648991823196411,
        0.13221676647663116
      ],
      [
        0.8646656274795532,
        -0.13711777329444885,
        0.48327213525772095
      ],
      [
        -0.44817960262298584,
        0.22398270666599274,
        0.8654286861419678
      ]
    ],
    [
      [
        -0.40654242038726807,
        -0.9096255302429199,
        0.08546702563762665
      ],
      [
        0.8245867490768433,
        -0.3250284194946289,
        0.4630478024482727
      ],
      [
        -0.39342087507247925,
        0.25872355699539185,
        0.8822029829025269
      ]
    ],
    [
      [
        -0.3529319167137146,
        -0.9327430725097656,
        0.0736851841211319
      ],
      [
        0.8642106056213379,
        -0.294791042804718,
        0.4077233076095581
      ],
      [
        -0.3585793375968933,
        0.20757806301116943,
        0.910127580165863
      ]
    ],
    [
      [
        -0.3529319167137146,
        -0.9327430725097656,
        0.07368522882461548
      ],
      [
        0.8642106056213379,
        -0.294791042804718,
        0.4077233076095581
      ],
      [
        -0.3585793375968933,
        0.2075781226158142,
        0.910127580165863
      ]
    ],
    [
      [
        -0.49034222960472107,
        -0.6120723485946655,
        0.6204289197921753
      ],
      [
        -0.10766425728797913,
        0.74897301197052,
        0.6537950038909912
      ],
      [
        -0.8648543357849121,
        0.25378528237342834,
        -0.4331514537334442
      ]
    ],
    [
      [
        -0.3630451560020447,
        -0.385180801153183,
        0.848430335521698
      ],
      [
        0.1263849437236786,
        0.8817846179008484,
        0.45440375804901123
      ],
      [
        -0.9231603741645813,
